0
16
21
-1
-1
-1
-1
62
84
133
138
-1
-1
-1
-1
-1
139
168
171
211
234
244
256
289
-1
311
321
365
370
395
414
439
-1
452
-1
-1
-1
-1
461
473
515
524
-1
549
584
-1
604
606
-1
655
657
-1
-1
670
705
-1
724
727
767
809
850
857
878
880
-1
893
-1
-1
900
902
917
-1
943
-1
-1
963
-1
972
1007
1023
-1
1072
-1
-1
-1
1087
1108
1154
-1
-1
1172
1222
1241
1243
1244
1254
-1
1265
1267
1294
1314
1315
1317
1350
1362
-1
1376
1381
1404
-1
1454
-1
1473
-1
1482
1520
1524
1568
1602
1651
1656
1663
1703
1706
1725
1729
1766
1802
1820
-1
1849
1860
-1
1910
-1
1924
1973
-1
2013
-1
2047
2061
-1
2087
2132
2164
2171
2219
-1
2231
2275
2312
2353
2400
-1
2403
-1
2412
-1
2456
-1
2492
2541
2545
2573
0
-1
670
2611
-1
694
2633
2683
-1
2733
2747
-1
-1
0
917
2775
2823
-1
2845
2878
2908
2933
2983
2996
3012
941
3042
3089
3128
701
3144
3179
-1
-1
3208
3230
3254
3263
3284
-1
3301
3322
3365
3390
-1
3394
3405
-1
3432
-1
3465
-1
3514
-1
3540
3569
-1
3600
-1
3622
3636
3659
3697
3745
-1
3765
-1
-1
3780
-1
-1
3826
-1
3860
3877
3905
3944
-1
3980
3984
4012
4040
-1
-1
4048
-1
-1
4097
4113
4121
4144
4183
-1
-1
-1
-1
4216
-1
4246
4257
-1
-1
-1
4260
-1
4285
4293
-1
4316
4341
-1
-1
4364
4405
-1
-1
4410
-1
4453
4474
4513
4524
4536
-1
4583
4607
4656
-1
4694
-1
4721
4729
-1
0
4766
4778
-1
-1
-1
4817
4824
-1
4838
4870
4900
-1
4939
-1
4948
-1
-1
-1
-1
-1
-1
-1
-1
-1
-1
-1
-1
-1
-1
-1
-1
-1
-1
-1
-1
-1
-1
-1
-1
-1
-1
-1
-1
-1
-1
0
-1
0
701
-1
-1
-1
-1
-1
414
-1
421
-1
436
-1
-1
-1
-1
-1
-1
-1
-1
-1
-1
-1
0
-1
4996
-1
-1
-1
-1
-1
878
-1
-1
-1
-1
-1
-1
-1
-1
-1
-1
-1
-1
-1
-1
-1
-1
-1
-1
-1
-1
-1
-1
-1
-1
-1
-1
-1
-1
-1
-1
-1
-1
436
-1
-1
-1
-1
-1
-1
-1
-1
-1
-1
-1
-1
-1
-1
-1
-1
-1
-1
-1
-1
-1
-1
438
-1
-1
-1
-1
-1
-1
-1
-1
-1
-1
-1
-1
-1
-1
438
-1
-1
-1
-1
-1
-1
-1
-1
-1
-1
-1
-1
-1
-1
-1
-1
-1
-1
-1
-1
-1
-1
-1
-1
-1
-1
-1
-1
-1
-1
-1
-1
-1
-1
-1
438
-1
-1
-1
-1
-1
-1
-1
-1
-1
-1
-1
-1
-1
-1
-1
-1
0
-1
-1
-1
-1
-1
-1
-1
-1
-1
-1
-1
-1
0
-1
-1
-1
-1
-1
-1
-1
-1
-1
-1
-1
-1
436
-1
-1
-1
-1
-1
-1
-1
-1
-1
-1
-1
701
-1
-1
-1
-1
-1
-1
-1
-1
-1
-1
-1
-1
-1
-1
-1
-1
-1
-1
-1
-1
-1
436
-1
-1
-1
-1
-1
-1
-1
-1
-1
-1
-1
-1
-1
0
-1
-1
-1
0
62
139
-1
-1
-1
-1
-1
-1
-1
-1
-1
-1
-1
-1
-1
-1
-1
-1
157
-1
-1
67
-1
-1
436
-1
-1
-1
-1
-1
436
-1
-1
-1
436
-1
-1
-1
79
-1
0
-1
-1
161
-1
893
-1
165
-1
-1
-1
83
-1
-1
-1
-1
-1
Defragmented
-1
-1
-1
-1
-1
-1
-1
-1
-1
-1
-1
-1
-1
-1
-1
0
-1
-1
-1
-1
-1
-1
-1
-1
83
-1
-1
-1
-1
-1
-1
-1
-1
-1
-1
-1
-1
-1
-1
-1
-1
-1
-1
-1
-1
-1
-1
-1
-1
-1
-1
-1
-1
-1
-1
-1
-1
-1
-1
-1
-1
-1
-1
83
-1
0
606
-1
631
-1
639
-1
-1
0
-1
-1
-1
-1
-1
-1
-1
-1
-1
-1
-1
-1
-1
-1
-1
-1
-1
-1
Defragmented
-1
-1
-1
-1
-1
-1
-1
-1
-1
-1
-1
-1
-1
-1
-1
-1
-1
-1
701
-1
-1
-1
-1
-1
-1
-1
-1
-1
-1
-1
165
-1
-1
-1
-1
-1
-1
-1
-1
-1
-1
-1
-1
-1
-1
-1
165
-1
-1
-1
-1
Defragmented
-1
-1
-1
-1
-1
-1
-1
-1
-1
-1
-1
-1
-1
-1
-1
-1
-1
-1
-1
-1
-1
-1
-1
0
473
-1
-1
-1
-1
-1
-1
-1
-1
-1
-1
-1
-1
-1
-1
-1
-1
Defragmented
-1
-1
-1
-1
-1
-1
-1
-1
-1
-1
-1
-1
-1
-1
-1
-1
-1
-1
-1
-1
-1
-1
-1
-1
-1
16
-1
-1
-1
-1
-1
-1
-1
-1
-1
-1
-1
-1
-1
-1
83
-1
-1
-1
-1
-1
-1
-1
-1
-1
-1
-1
0
-1
-1
-1
-1
-1
0
-1
165
-1
473
-1
-1
-1
-1
489
-1
-1
-1
-1
-1
-1
-1
-1
-1
-1
62
-1
-1
-1
-1
-1
-1
-1
-1
-1
-1
-1
-1
-1
-1
-1
-1
-1
-1
0
-1
-1
-1
-1
-1
-1
0
-1
0
-1
-1
-1
11
0
-1
-1
-1
-1
-1
-1
-1
-1
-1
-1
0
6
-1
0
0
-1
-1
-1
-1
-1
0
0
-1
15
-1
-1
-1
-1
-1
-1
-1
-1
-1
-1
-1
-1
-1
-1
-1
-1
-1
-1
-1
-1
-1
-1
-1
-1
-1
8
-1
-1
0
-1
-1
-1
-1
7
0
-1
-1
-1
-1
-1
-1
-1
6
-1
-1
-1
-1
15
-1
-1
0
-1
-1
-1
-1
-1
-1
-1
0
-1
-1
-1
-1
13
-1
-1
0
321
-1
-1
0
338
-1
-1
-1
0
-1
-1
0
12
-1
-1
9
0
-1
-1
653
-1
-1
-1
-1
-1
-1
-1
0
-1
-1
0
171
-1
0
-1
-1
-1
-1
-1
-1
-1
10
-1
-1
-1
-1
-1
-1
-1
-1
-1
-1
0
-1
-1
-1
-1
-1
0
-1
-1
-1
-1
-1
-1
-1
15
-1
9
-1
-1
0
0
-1
-1
-1
-1
-1
0
15
-1
-1
-1
8
0
0
-1
12
0
-1
-1
-1
10
12
-1
9
-1
-1
-1
-1
-1
-1
-1
-1
0
0
-1
-1
-1
-1
-1
-1
-1
-1
0
7
-1
-1
-1
-1
-1
0
0
10
11
-1
0
13
-1
-1
-1
15
0
-1
-1
12
10
0
0
-1
-1
-1
15
0
-1
-1
-1
-1
-1
-1
-1
-1
370
-1
-1
0
-1
-1
-1
670
0
0
-1
338
689
-1
-1
0
-1
-1
-1
-1
-1
-1
-1
-1
-1
-1
-1
12
-1
-1
-1
-1
-1
-1
-1
-1
0
0
-1
-1
10
-1
-1
-1
-1
-1
-1
-1
-1
-1
-1
-1
-1
-1
13
-1
13
-1
-1
0
-1
10
-1
0
-1
-1
-1
-1
-1
-1
-1
0
-1
-1
0
-1
-1
-1
-1
12
-1
-1
0
-1
-1
-1
-1
-1
0
-1
0
-1
0
13
-1
171
199
-1
-1
0
-1
-1
13
-1
-1
-1
0
11
-1
-1
12
-1
-1
-1
-1
-1
-1
8
-1
-1
0
-1
-1
10
0
0
0
15
-1
-1
0
-1
-1
-1
0
-1
-1
10
-1
653
Defragmented
-1
0
-1
-1
-1
0
-1
-1
-1
-1
-1
-1
15
9
-1
-1
0
-1
-1
-1
-1
-1
-1
-1
-1
209
-1
-1
0
0
-1
-1
-1
0
-1
-1
-1
-1
-1
-1
-1
-1
-1
-1
15
0
-1
-1
11
-1
-1
-1
-1
0
14
-1
-1
Defragmented
-1
-1
-1
-1
-1
14
-1
-1
-1
-1
-1
-1
-1
-1
12
0
-1
0
-1
-1
Defragmented
14
0
-1
-1
-1
0
10
0
0
917
-1
-1
-1
15
-1
-1
-1
-1
-1
-1
-1
0
14
0
-1
-1
-1
-1
-1
0
-1
-1
-1
-1
-1
-1
-1
-1
-1
-1
0
-1
-1
-1
-1
-1
-1
-1
657
14
10
-1
-1
-1
9
-1
-1
0
0
-1
-1
-1
-1
-1
-1
-1
657
0
-1
-1
-1
13
-1
-1
-1
-1
0
-1
-1
13
13
-1
-1
-1
-1
0
-1
-1
-1
-1
-1
-1
-1
-1
-1
-1
-1
-1
-1
12
-1
-1
-1
-1
-1
-1
-1
-1
-1
-1
-1
-1
0
209
-1
-1
0
-1
-1
-1
-1
-1
-1
-1
10
0
-1
-1
0
-1
-1
-1
-1
-1
-1
-1
0
-1
-1
-1
-1
-1
-1
-1
-1
-1
-1
-1
-1
-1
-1
-1
14
-1
-1
-1
-1
-1
13
-1
-1
-1
-1
0
-1
-1
-1
-1
-1
-1
-1
0
-1
0
-1
-1
-1
-1
0
0
13
13
-1
-1
0
13
-1
Defragmented
-1
-1
-1
-1
-1
-1
-1
-1
-1
-1
-1
-1
-1
-1
-1
-1
-1
-1
0
-1
-1
-1
-1
-1
-1
0
-1
-1
0
0
0
11
-1
-1
-1
0
-1
-1
-1
-1
-1
-1
209
-1
-1
0
-1
-1
549
-1
-1
14
-1
-1
-1
-1
-1
0
-1
-1
Defragmented
-1
209
355
15
-1
0
-1
-1
-1
-1
-1
-1
0
-1
0
-1
-1
-1
-1
-1
0
513
-1
436
-1
-1
-1
12
0
-1
-1
0
-1
-1
-1
-1
0
-1
-1
-1
-1
-1
-1
-1
-1
-1
-1
-1
578
-1
-1
-1
-1
-1
-1
-1
-1
-1
0
-1
-1
-1
-1
-1
-1
-1
-1
-1
355
-1
-1
-1
-1
-1
-1
14
-1
-1
-1
-1
-1
15
-1
-1
-1
-1
-1
-1
578
-1
-1
-1
-1
-1
14
-1
-1
-1
-1
-1
-1
0
-1
-1
-1
452
-1
-1
-1
-1
-1
-1
657
0
-1
-1
-1
-1
-1
14
-1
-1
-1
-1
-1
-1
-1
-1
-1
0
-1
-1
-1
-1
-1
-1
0
0
-1
-1
0
-1
-1
-1
-1
-1
-1
-1
-1
0
-1
-1
-1
-1
0
-1
-1
-1
-1
-1
14
0
-1
-1
0
-1
-1
-1
-1
-1
-1
-1
-1
-1
-1
-1
-1
-1
12
-1
0
703
-1
-1
-1
-1
-1
14
-1
-1
-1
703
-1
-1
-1
-1
-1
0
-1
-1
-1
-1
-1
-1
-1
-1
12
-1
0
-1
-1
0
0
12
-1
11
-1
-1
-1
-1
13
-1
Defragmented
209
0
-1
0
-1
-1
0
-1
-1
-1
311
-1
452
-1
-1
-1
0
0
-1
-1
-1
12
-1
-1
-1
670
-1
-1
11
-1
-1
165
-1
-1
-1
-1
-1
-1
-1
-1
-1
-1
-1
0
-1
893
0
-1
-1
0
902
-1
-1
0
10
-1
-1
0
-1
489
-1
-1
0
-1
-1
-1
436
-1
-1
-1
0
0
-1
-1
10
0
14
0
-1
0
-1
-1
15
-1
-1
-1
11
-1
0
-1
-1
-1
-1
963
-1
-1
-1
8
10
-1
10
-1
-1
-1
Defragmented
0
-1
10
-1
0
14
-1
-1
-1
-1
-1
-1
-1
-1
-1
-1
-1
-1
12
-1
-1
-1
-1
-1
-1
-1
0
-1
-1
-1
-1
-1
-1
-1
-1
-1
-1
-1
-1
-1
0
-1
-1
-1
-1
-1
-1
-1
-1
-1
-1
-1
-1
-1
-1
-1
10
0
0
-1
11
0
-1
-1
0
-1
-1
511
-1
-1
10
14
-1
0
0
0
15
-1
14
-1
524
0
541
-1
0
-1
-1
-1
0
0
-1
-1
-1
-1
9
-1
-1
0
-1
10
-1
-1
0
244
-1
-1
0
-1
-1
-1
-1
-1
-1
0
-1
-1
-1
-1
0
-1
-1
0
0
489
-1
-1
0
0
-1
0
-1
-1
-1
-1
-1
-1
-1
-1
-1
-1
-1
-1
15
-1
8
-1
-1
-1
-1
-1
-1
0
-1
-1
0
-1
-1
-1
-1
-1
-1
-1
-1
-1
-1
0
-1
15
-1
0
-1
-1
0
-1
-1
0
-1
-1
-1
-1
-1
-1
-1
-1
-1
-1
-1
-1
0
-1
-1
-1
-1
-1
0
-1
-1
-1
-1
-1
14
-1
-1
-1
0
-1
-1
-1
-1
-1
10
-1
-1
14
-1
-1
-1
-1
-1
-1
Defragmented
-1
-1
15
-1
-1
-1
-1
-1
-1
-1
-1
-1
9
10
-1
-1
-1
-1
0
-1
-1
-1
-1
-1
-1
14
0
10
-1
-1
-1
-1
-1
-1
-1
-1
-1
-1
-1
0
-1
-1
14
-1
0
-1
15
-1
-1
-1
-1
-1
513
-1
-1
-1
-1
-1
-1
-1
8
-1
-1
-1
-1
0
-1
-1
-1
-1
11
-1
-1
-1
0
-1
-1
-1
Defragmented
-1
-1
-1
-1
-1
452
-1
-1
-1
-1
-1
-1
-1
-1
-1
-1
-1
14
-1
-1
-1
-1
-1
-1
-1
-1
-1
-1
-1
-1
-1
-1
0
0
0
-1
-1
-1
0
-1
-1
-1
-1
14
0
0
-1
-1
-1
-1
-1
-1
-1
0
11
-1
-1
-1
-1
-1
-1
0
Defragmented
-1
709
-1
0
0
-1
14
-1
-1
-1
-1
-1
-1
-1
-1
0
-1
-1
-1
-1
-1
-1
-1
0
724
-1
-1
436
-1
-1
0
-1
-1
-1
-1
-1
0
-1
-1
-1
-1
0
-1
-1
-1
-1
-1
-1
-1
-1
-1
-1
-1
-1
-1
-1
-1
0
-1
0
-1
-1
-1
-1
-1
0
-1
-1
-1
-1
-1
-1
-1
0
-1
-1
-1
14
-1
-1
-1
-1
-1
0
-1
-1
-1
-1
-1
-1
-1
-1
940
12
-1
-1
-1
-1
-1
-1
-1
-1
-1
-1
-1
0
-1
-1
-1
15
-1
-1
-1
-1
-1
-1
-1
67
-1
-1
-1
-1
-1
-1
-1
-1
-1
-1
-1
-1
-1
-1
-1
-1
0
-1
0
963
12
-1
-1
-1
-1
-1
-1
-1
-1
-1
-1
-1
-1
-1
-1
-1
-1
0
-1
-1
-1
-1
-1
-1
-1
-1
-1
-1
-1
-1
-1
-1
-1
-1
-1
0
-1
-1
-1
-1
0
-1
-1
-1
0
-1
-1
11
-1
-1
-1
-1
-1
-1
-1
0
-1
-1
0
-1
15
0
-1
-1
0
-1
10
-1
-1
9
0
15
-1
-1
-1
-1
12
-1
-1
-1
8
-1
-1
-1
-1
-1
-1
14
10
0
-1
-1
-1
-1
-1
-1
11
-1
-1
79
-1
-1
-1
0
13
-1
-1
-1
-1
0
-1
-1
-1
-1
-1
-1
0
-1
-1
-1
-1
-1
-1
-1
-1
-1
-1
-1
-1
-1
-1
-1
-1
-1
-1
-1
-1
-1
-1
-1
-1
-1
-1
0
-1
-1
0
-1
-1
0
-1
-1
-1
10
11
-1
-1
-1
0
-1
-1
-1
-1
-1
0
-1
-1
-1
-1
-1
-1
-1
-1
-1
-1
-1
-1
-1
-1
-1
-1
-1
-1
-1
0
-1
0
-1
-1
-1
-1
-1
-1
-1
-1
-1
-1
-1
-1
0
-1
10
-1
-1
-1
-1
-1
-1
-1
-1
10
-1
-1
-1
-1
-1
-1
-1
-1
Defragmented
-1
-1
-1
13
-1
10
-1
-1
-1
-1
-1
-1
-1
209
-1
-1
0
689
-1
-1
14
-1
-1
7
-1
15
-1
-1
-1
0
-1
-1
-1
-1
-1
-1
513
-1
-1
-1
-1
-1
-1
-1
-1
-1
-1
-1
-1
0
-1
-1
-1
10
0
-1
-1
-1
-1
-1
-1
0
-1
-1
-1
-1
-1
-1
-1
-1
-1
-1
-1
-1
-1
-1
-1
-1
-1
-1
-1
-1
-1
0
-1
-1
-1
-1
-1
-1
-1
-1
-1
-1
-1
-1
-1
7
-1
-1
-1
-1
-1
-1
-1
-1
-1
0
-1
-1
-1
10
-1
-1
10
0
-1
0
-1
-1
0
13
-1
-1
-1
-1
-1
-1
-1
-1
-1
-1
-1
-1
157
0
0
-1
-1
0
-1
-1
-1
-1
-1
-1
-1
-1
-1
-1
-1
-1
-1
-1
-1
-1
-1
-1
0
-1
0
-1
-1
-1
-1
9
-1
-1
-1
0
-1
-1
-1
-1
-1
-1
-1
-1
-1
-1
-1
-1
-1
209
-1
14
-1
11
-1
-1
-1
-1
15
10
-1
12
-1
-1
-1
-1
-1
-1
12
-1
-1
-1
0
-1
-1
-1
-1
-1
10
15
-1
-1
0
-1
-1
-1
-1
-1
-1
-1
-1
-1
-1
-1
-1
-1
-1
-1
-1
0
-1
-1
-1
-1
7
-1
11
-1
0
0
-1
-1
-1
15
-1
-1
-1
-1
-1
-1
-1
0
-1
-1
-1
-1
15
-1
-1
-1
-1
-1
-1
-1
-1
0
0
-1
-1
12
-1
-1
199
14
-1
-1
-1
-1
244
-1
-1
-1
-1
-1
-1
-1
-1
-1
-1
0
-1
14
-1
-1
-1
15
-1
-1
7
-1
0
-1
-1
14
12
-1
-1
-1
0
0
-1
-1
-1
-1
-1
0
-1
606
-1
-1
0
0
0
11
-1
-1
0
-1
-1
-1
-1
-1
-1
0
-1
-1
-1
-1
-1
-1
-1
-1
0
-1
244
-1
11
-1
857
-1
-1
0
-1
0
-1
-1
-1
355
Defragmented
-1
-1
-1
-1
-1
0
-1
-1
11
-1
-1
-1
-1
-1
-1
-1
-1
-1
-1
-1
-1
-1
-1
703
-1
-1
-1
-1
-1
0
0
902
-1
-1
-1
-1
-1
-1
-1
-1
0
-1
-1
-1
0
-1
8
0
-1
-1
0
-1
-1
-1
0
-1
-1
-1
623
-1
-1
0
-1
-1
-1
0
-1
-1
-1
-1
-1
-1
-1
-1
-1
-1
-1
-1
-1
-1
10
-1
15
9
-1
-1
-1
-1
13
-1
457
-1
-1
Defragmented
-1
-1
-1
-1
0
0
-1
-1
-1
-1
513
-1
-1
-1
623
-1
-1
-1
-1
-1
-1
-1
-1
-1
-1
-1
0
-1
-1
-1
-1
0
-1
-1
-1
-1
-1
0
-1
-1
-1
-1
-1
-1
0
-1
-1
-1
-1
-1
-1
0
-1
-1
-1
-1
-1
-1
-1
-1
-1
-1
-1
0
0
-1
-1
-1
-1
-1
-1
-1
-1
-1
11
0
0
-1
-1
-1
-1
-1
-1
-1
-1
-1
-1
-1
-1
-1
Defragmented
878
-1
-1
255
-1
-1
-1
-1
-1
-1
-1
-1
9
-1
0
-1
-1
-1
-1
-1
-1
0
-1
-1
0
0
-1
-1
0
-1
414
13
0
Defragmented
-1
-1
-1
0
-1
-1
-1
0
-1
-1
10
-1
-1
0
15
-1
-1
0
-1
0
-1
-1
-1
-1
14
-1
0
-1
9
-1
-1
-1
917
Defragmented
0
0
-1
11
-1
-1
-1
-1
0
0
-1
-1
-1
-1
-1
666
-1
13
-1
-1
-1
11
-1
701
-1
-1
878
0
-1
-1
0
-1
-1
-1
-1
-1
-1
0
-1
-1
-1
14
-1
-1
-1
-1
-1
-1
-1
-1
-1
-1
-1
-1
-1
10
-1
-1
10
-1
0
-1
-1
0
-1
10
-1
-1
-1
-1
0
-1
-1
-1
0
-1
-1
-1
-1
-1
-1
-1
15
878
-1
-1
-1
0
0
-1
15
809
835
11
-1
-1
-1
-1
15
-1
-1
-1
-1
-1
10
-1
-1
-1
-1
-1
0
11
-1
-1
-1
-1
-1
-1
-1
-1
-1
-1
-1
79
-1
-1
0
206
-1
-1
355
0
-1
-1
-1
0
-1
-1
-1
0
-1
-1
-1
0
13
-1
-1
-1
-1
0
-1
-1
-1
-1
0
-1
-1
-1
-1
-1
0
-1
-1
-1
-1
-1
-1
-1
-1
-1
15
-1
-1
-1
-1
-1
-1
-1
-1
-1
-1
0
-1
-1
-1
-1
457
-1
-1
15
-1
-1
-1
-1
0
-1
-1
-1
-1
-1
-1
-1
-1
-1
-1
-1
-1
-1
-1
0
-1
-1
-1
-1
-1
-1
-1
-1
0
-1
0
-1
8
-1
-1
-1
-1
-1
-1
0
-1
0
0
-1
-1
-1
-1
-1
-1
-1
-1
11
-1
-1
-1
12
-1
-1
-1
-1
-1
-1
0
0
14
15
0
-1
-1
Defragmented
-1
-1
-1
-1
-1
-1
-1
0
-1
-1
-1
-1
0
-1
11
-1
-1
-1
893
-1
-1
-1
-1
-1
902
-1
0
-1
-1
-1
13
-1
-1
-1
-1
-1
0
-1
-1
-1
-1
-1
-1
-1
-1
-1
-1
10
0
-1
-1
-1
-1
-1
-1
-1
-1
-1
0
507
-1
-1
-1
-1
-1
0
-1
-1
-1
9
-1
-1
0
-1
-1
-1
-1
-1
-1
-1
-1
0
-1
-1
-1
-1
-1
-1
0
-1
0
-1
-1
-1
-1
-1
0
-1
-1
-1
-1
-1
0
-1
-1
-1
12
10
11
9
-1
-1
0
878
-1
-1
-1
13
-1
-1
-1
0
-1
12
-1
0
-1
-1
-1
0
-1
-1
-1
-1
-1
0
-1
-1
-1
-1
0
0
-1
-1
-1
-1
-1
15
-1
-1
-1
0
-1
-1
-1
0
-1
-1
-1
-1
-1
-1
-1
-1
-1
0
-1
-1
-1
-1
-1
-1
-1
-1
-1
-1
-1
-1
-1
-1
-1
-1
15
-1
0
-1
11
15
0
-1
-1
0
0
-1
-1
-1
-1
-1
10
10
-1
-1
0
10
-1
-1
-1
-1
-1
14
-1
-1
0
-1
-1
-1
0
-1
-1
-1
-1
-1
0
-1
-1
0
-1
-1
370
-1
10
-1
0
-1
689
-1
8
-1
-1
-1
902
-1
-1
0
0
-1
-1
-1
-1
-1
-1
-1
15
-1
-1
-1
-1
-1
0
-1
0
0
0
10
10
-1
-1
0
0
11
-1
10
0
-1
-1
-1
0
0
-1
-1
-1
-1
-1
0
-1
-1
-1
0
8
-1
-1
-1
-1
-1
0
-1
-1
-1
-1
0
Defragmented
689
-1
-1
-1
-1
-1
-1
-1
0
-1
0
701
-1
11
15
0
-1
-1
-1
-1
-1
0
-1
15
0
14
-1
0
0
-1
-1
767
-1
10
0
-1
-1
-1
-1
-1
-1
13
784
-1
-1
-1
-1
-1
-1
-1
11
-1
-1
-1
-1
-1
-1
835
-1
912
-1
-1
-1
-1
7
-1
0
-1
-1
0
13
0
-1
-1
-1
0
9
-1
7
0
13
-1
-1
-1
10
-1
-1
-1
-1
-1
-1
-1
-1
-1
-1
0
-1
-1
-1
-1
-1
-1
0
-1
-1
14
-1
8
15
-1
-1
-1
-1
-1
-1
-1
209
-1
-1
-1
13
845
-1
-1
-1
13
-1
578
0
-1
0
-1
-1
0
-1
0
14
-1
0
0
-1
-1
-1
8
-1
-1
-1
-1
-1
-1
15
-1
-1
-1
-1
206
0
-1
0
421
-1
-1
0
-1
-1
0
-1
8
-1
-1
-1
-1
-1
-1
14
-1
0
-1
-1
9
-1
-1
0
-1
-1
-1
-1
-1
13
-1
-1
0
-1
-1
-1
-1
0
-1
-1
-1
-1
14
12
-1
-1
-1
-1
15
-1
-1
-1
15
-1
-1
-1
-1
-1
-1
845
-1
0
0
-1
-1
-1
-1
-1
-1
-1
-1
-1
-1
0
-1
-1
-1
-1
-1
-1
-1
-1
-1
-1
0
0
-1
11
-1
15
0
-1
0
-1
-1
0
15
-1
-1
-1
-1
-1
-1
-1
14
-1
-1
-1
-1
0
-1
-1
-1
-1
-1
199
0
-1
-1
-1
-1
-1
-1
0
-1
-1
0
0
-1
-1
0
-1
8
-1
-1
-1
-1
-1
0
-1
-1
0
-1
-1
0
-1
-1
-1
10
13
-1
-1
-1
-1
-1
-1
-1
0
0
-1
-1
0
0
-1
-1
-1
-1
917
-1
14
-1
-1
-1
0
-1
-1
-1
-1
-1
-1
-1
-1
-1
436
-1
0
-1
-1
0
-1
-1
-1
-1
-1
-1
-1
14
-1
-1
-1
-1
-1
0
-1
-1
-1
-1
-1
-1
-1
-1
-1
0
-1
-1
-1
-1
-1
-1
-1
-1
-1
-1
-1
0
-1
-1
-1
-1
-1
-1
-1
15
-1
-1
-1
-1
-1
0
-1
-1
-1
-1
-1
-1
-1
-1
-1
-1
-1
-1
-1
-1
-1
-1
-1
0
-1
-1
-1
-1
-1
-1
-1
-1
0
0
-1
-1
-1
0
727
-1
-1
-1
0
-1
8
0
-1
-1
13
-1
-1
-1
-1
-1
13
-1
-1
-1
-1
-1
0
13
-1
-1
-1
0
-1
-1
-1
-1
11
14
14
-1
0
-1
171
0
-1
14
-1
-1
0
578
-1
-1
-1
749
-1
15
0
-1
0
0
-1
-1
-1
-1
9
-1
473
473
-1
-1
-1
-1
-1
-1
0
-1
436
-1
-1
-1
-1
-1
-1
0
-1
-1
-1
-1
-1
-1
0
-1
-1
-1
-1
-1
-1
-1
-1
-1
-1
-1
-1
-1
436
-1
-1
-1
-1
-1
-1
-1
-1
-1
-1
-1
-1
-1
-1
-1
-1
-1
-1
507
-1
-1
-1
-1
-1
0
-1
-1
-1
-1
-1
-1
-1
-1
0
-1
-1
-1
-1
15
-1
-1
13
-1
-1
-1
-1
-1
-1
-1
-1
-1
15
-1
-1
-1
0
-1
-1
-1
-1
-1
-1
-1
-1
-1
0
-1
-1
-1
878
-1
15
-1
-1
13
-1
-1
-1
-1
-1
-1
-1
-1
15
0
-1
-1
-1
-1
421
-1
-1
-1
-1
14
-1
-1
-1
-1
-1
-1
-1
-1
-1
-1
-1
-1
-1
-1
-1
-1
-1
-1
-1
15
-1
-1
-1
-1
-1
-1
-1
-1
-1
-1
-1
-1
-1
-1
-1
-1
-1
-1
-1
-1
15
-1
-1
0
-1
-1
14
-1
-1
-1
428
-1
13
-1
-1
-1
-1
14
-1
-1
-1
-1
-1
-1
-1
-1
-1
-1
0
-1
6
-1
-1
-1
-1
-1
-1
-1
-1
-1
-1
13
-1
-1
-1
-1
-1
-1
-1
-1
-1
-1
-1
-1
15
-1
-1
-1
-1
-1
-1
-1
-1
-1
-1
-1
-1
-1
15
-1
-1
-1
-1
-1
-1
-1
-1
-1
-1
-1
-1
-1
-1
-1
-1
-1
-1
-1
-1
-1
-1
-1
-1
-1
-1
13
